>> quadratic_res
2:
     1

(1, 0)
(0, 1)
3:
     1

(1, 0)
(0, 1)
5:
     1     4

(1, 0)
(0, 1)
7:
     1     2     4

(1, 0)
(0, 1)
(4, 4)
11:
     1     3     4     5     9

(1, 0)
(0, 1)
(3, 9)
(9, 3)
13:
     1     3     4     9    10    12

(1, 0)
(0, 1)
(4, 10)
(10, 4)
17:
     1     2     4     8     9    13    15    16

(1, 0)
(0, 1)
(2, 16)
(9, 9)
(16, 2)
19:
     1     4     5     6     7     9    11    16    17

(1, 0)
(0, 1)
(4, 16)
(9, 11)
(11, 9)
(16, 4)
23:
     1     2     3     4     6     8     9    12    13    16    18

(1, 0)
(0, 1)
(6, 18)
(8, 16)
(12, 12)
(16, 8)
(18, 6)
29:
     1     4     5     6     7     9    13    16    20    22    23    24    25    28

(1, 0)
(0, 1)
(5, 25)
(6, 24)
(7, 23)
(23, 7)
(24, 6)
(25, 5)
31:
     1     2     4     5     7     8     9    10    14    16    18    19    20    25    28

(1, 0)
(0, 1)
(4, 28)
(7, 25)
(14, 18)
(16, 16)
(18, 14)
(25, 7)
(28, 4)
37:
     1     3     4     7     9    10    11    12    16    21    25    26    27    28    30    33    34    36

(1, 0)
(0, 1)
(4, 34)
(10, 28)
(11, 27)
(12, 26)
(26, 12)
(27, 11)
(28, 10)
(34, 4)
41:
     1     2     4     5     8     9    10    16    18    20    21    23    25    31    32    33    36    37    39    40

(1, 0)
(0, 1)
(2, 40)
(5, 37)
(9, 33)
(10, 32)
(21, 21)
(32, 10)
(33, 9)
(37, 5)
(40, 2)
43:
     1     4     6     9    10    11    13    14    15    16    17    21    23    24    25    31    35    36    38    40    41

(1, 0)
(0, 1)
(4, 40)
(6, 38)
(9, 35)
(13, 31)
(21, 23)
(23, 21)
(31, 13)
(35, 9)
(38, 6)
(40, 4)
47:
     1     2     3     4     6     7     8     9    12    14    16    17    18    21    24    25    27    28    32    34    36    37    42

(1, 0)
(0, 1)
(6, 42)
(12, 36)
(14, 34)
(16, 32)
(21, 27)
(24, 24)
(27, 21)
(32, 16)
(34, 14)
(36, 12)
(42, 6)
53:
  Columns 1 through 25

     1     4     6     7     9    10    11    13    15    16    17    24    25    28    29    36    37    38    40    42    43    44    46    47    49

  Column 26

    52

(1, 0)
(0, 1)
(7, 47)
(10, 44)
(11, 43)
(16, 38)
(17, 37)
(25, 29)
(29, 25)
(37, 17)
(38, 16)
(43, 11)
(44, 10)
(47, 7)
59:
  Columns 1 through 25

     1     3     4     5     7     9    12    15    16    17    19    20    21    22    25    26    27    28    29    35    36    41    45    46    48

  Columns 26 through 29

    49    51    53    57

(1, 0)
(0, 1)
(3, 57)
(7, 53)
(9, 51)
(12, 48)
(15, 45)
(19, 41)
(25, 35)
(35, 25)
(41, 19)
(45, 15)
(48, 12)
(51, 9)
(53, 7)
(57, 3)
61:
  Columns 1 through 25

     1     3     4     5     9    12    13    14    15    16    19    20    22    25    27    34    36    39    41    42    45    46    47    48    49

  Columns 26 through 30

    52    56    57    58    60

(1, 0)
(0, 1)
(4, 58)
(5, 57)
(13, 49)
(14, 48)
(15, 47)
(16, 46)
(20, 42)
(42, 20)
(46, 16)
(47, 15)
(48, 14)
(49, 13)
(57, 5)
(58, 4)
67:
  Columns 1 through 25

     1     4     6     9    10    14    15    16    17    19    21    22    23    24    25    26    29    33    35    36    37    39    40    47    49

  Columns 26 through 33

    54    55    56    59    60    62    64    65

(1, 0)
(0, 1)
(4, 64)
(6, 62)
(9, 59)
(14, 54)
(19, 49)
(21, 47)
(29, 39)
(33, 35)
(35, 33)
(39, 29)
(47, 21)
(49, 19)
(54, 14)
(59, 9)
(62, 6)
(64, 4)
71:
  Columns 1 through 25

     1     2     3     4     5     6     8     9    10    12    15    16    18    19    20    24    25    27    29    30    32    36    37    38    40

  Columns 26 through 35

    43    45    48    49    50    54    57    58    60    64

(1, 0)
(0, 1)
(8, 64)
(12, 60)
(15, 57)
(18, 54)
(24, 48)
(27, 45)
(29, 43)
(32, 40)
(36, 36)
(40, 32)
(43, 29)
(45, 27)
(48, 24)
(54, 18)
(57, 15)
(60, 12)
(64, 8)
73:
  Columns 1 through 25

     1     2     3     4     6     8     9    12    16    18    19    23    24    25    27    32    35    36    37    38    41    46    48    49    50

  Columns 26 through 36

    54    55    57    61    64    65    67    69    70    71    72

(1, 0)
(0, 1)
(2, 72)
(3, 71)
(4, 70)
(9, 65)
(19, 55)
(24, 50)
(25, 49)
(36, 38)
(37, 37)
(38, 36)
(49, 25)
(50, 24)
(55, 19)
(65, 9)
(70, 4)
(71, 3)
(72, 2)
79:
  Columns 1 through 25

     1     2     4     5     8     9    10    11    13    16    18    19    20    21    22    23    25    26    31    32    36    38    40    42    44

  Columns 26 through 39

    45    46    49    50    51    52    55    62    64    65    67    72    73    76

(1, 0)
(0, 1)
(4, 76)
(8, 72)
(13, 67)
(16, 64)
(18, 62)
(25, 55)
(31, 49)
(36, 44)
(38, 42)
(40, 40)
(42, 38)
(44, 36)
(49, 31)
(55, 25)
(62, 18)
(64, 16)
(67, 13)
(72, 8)
(76, 4)
83:
  Columns 1 through 25

     1     3     4     7     9    10    11    12    16    17    21    23    25    26    27    28    29    30    31    33    36    37    38    40    41

  Columns 26 through 41

    44    48    49    51    59    61    63    64    65    68    69    70    75    77    78    81

(1, 0)
(0, 1)
(3, 81)
(7, 77)
(9, 75)
(16, 68)
(21, 63)
(23, 61)
(25, 59)
(33, 51)
(36, 48)
(40, 44)
(44, 40)
(48, 36)
(51, 33)
(59, 25)
(61, 23)
(63, 21)
(68, 16)
(75, 9)
(77, 7)
(81, 3)
89:
  Columns 1 through 25

     1     2     4     5     8     9    10    11    16    17    18    20    21    22    25    32    34    36    39    40    42    44    45    47    49

  Columns 26 through 44

    50    53    55    57    64    67    68    69    71    72    73    78    79    80    81    84    85    87    88

(1, 0)
(0, 1)
(2, 88)
(5, 85)
(9, 81)
(10, 80)
(11, 79)
(17, 73)
(18, 72)
(21, 69)
(22, 68)
(40, 50)
(45, 45)
(50, 40)
(68, 22)
(69, 21)
(72, 18)
(73, 17)
(79, 11)
(80, 10)
(81, 9)
(85, 5)
(88, 2)
97:
  Columns 1 through 25

     1     2     3     4     6     8     9    11    12    16    18    22    24    25    27    31    32    33    35    36    43    44    47    48    49

  Columns 26 through 48

    50    53    54    61    62    64    65    66    70    72    73    75    79    81    85    86    88    89    91    93    94    95    96

(1, 0)
(0, 1)
(2, 96)
(3, 95)
(4, 94)
(9, 89)
(12, 86)
(25, 73)
(32, 66)
(33, 65)
(36, 62)
(44, 54)
(48, 50)
(49, 49)
(50, 48)
(54, 44)
(62, 36)
(65, 33)
(66, 32)
(73, 25)
(86, 12)
(89, 9)
(94, 4)
(95, 3)
(96, 2)
     2     3     5     7    11    13    17    19    23    29    31    37    41    43    47    53    59    61    67    71    73    79    83    89    97
     2     2     2     3     4     4     5     6     7     8     9    10    11    12    13    14    16    16    18    19    19    21    22    23    25

>> 